00100000000001000010000000000100
10001100100001000000000000000000
00100000000001010010000000001000
10001100101001010000000000000000
00100000000001100010000000001100
10001100110001100000000000000000
00100000000001110010000000010000
10001100111001110000000000000000
00000000100001100100000000100100
00000000100001110100100000100100
00000000110001110101000000100101
00110000100010110001000000010000
00110100101011000001000000010000
00000000000001110110101000000000
00000000000001100111001000000010
00000001000010010001000000100000
00000000010010100001000000100000
00000000010010110001000000100000
00000000010011000001000000100000
00000000010011010001000000100000
00000000010011100001000000100000
00000000010011110001000000100000
00100000000010000010000000000000
10001101000010000000000000000000
00101001000010010111111111111111
00010001001000000000000000000010
00000000000010000100010000000000
00000000000000100001010000000000
00000000000010000100010000000010
00000000000000100001010000000010
00000000010010000001000000101010
00100100000000100000000000001010
00000000000000000000000000001100
