00100000000011110010000000001000
10001101111011110000000000000000
00100000000001000010000000000000
10001100100001000000000000000000
00100000000001010010000000000100
10001100101001010000000000000000
00000000000001000100000000100000
00000000000000000100100000100000
00000001000001010100000000100010
00000001111010000101000000101010
00010001010000000000000000000010
00100001001010010000000000000001
00001000000000000000000000001000
00000000000010011000000000100000
00100100000000100000000000001010
00000000000000000000000000001100
