00100000000010000000000000000001
00000000000010000100100000100000
00000001000010010101000000100000
00000001001010100100000000100000
00000001010010000100100000100000
00000001000010010101000000100000
00000001001010100100000000100000
00000001010010000100100000100000
00000001000010010101000000100000
00000001001010100100000000100000
00000001010010000100100000100000
00100000000011000000000000000001
00100000000011010000000000000010
00100000000011100000000000000100
00100000000011110000000000000110
00000001001011110101100000100010
00000001011011100101100000100010
00000001011011110101100000100010
00000001011011010101100000100010
00000001011011100101100000100010
00000001011011110101100000100010
00000001011011010101100000100010
00000001011011110101100000100010
00000001011011110101100000100010
00000001011011100101100000100010
00000001011011010101100000100010
00000001011011100101100000100010
00000001011011110101100000100010
00000001011011010101100000100010
00000001011011110101100000100010
00000001011011100101100000100010
00000001011011010101100000100010
00000001011011100101100000100010
00000001011011010101100000100010
00000001011011100101100000100010
00000001011011010101100000100010
00000001011011010101100000100010
00000001011011000101100000100010
00000001011011010101100000100010
00000001000010000100000000100010
00000001001010010100100000100010
00000001010010100101000000100010
00000001011010110101100000100010
00000001100011000110000000100010
00000001101011010110100000100010
00000001110011100111000000100010
00000001111011110111100000100010
00100100000000100000000000001010
00000000000000000000000000001100
